 Ci:
 
             precision    recall  f1-score   support

        0.0     0.8335    0.8531    0.8432       980
        1.0     0.9291    0.9463    0.9376      1135
        2.0     0.6174    0.5785    0.5973      1032
        3.0     0.6878    0.6782    0.6830      1010
        4.0     0.7686    0.7576    0.7631       982
        5.0     0.5879    0.5886    0.5882       892
        6.0     0.6080    0.6023    0.6051       958
        7.0     0.7212    0.7675    0.7436      1028
        8.0     0.6976    0.6797    0.6885       974
        9.0     0.7063    0.7175    0.7119      1009

avg / total     0.7198    0.7213    0.7204     10000

[0.69287797 0.69721713 0.69566667 0.70409269 0.70298433]
Accuracy: 0.70 (+/- 0.00)

Ei:
             precision    recall  f1-score   support

        0.0     0.7270    0.8879    0.7994     10000
        1.0     0.8560    0.6666    0.7495     10000

avg / total     0.7915    0.7772    0.7745     20000

[0.66379167 0.66575    0.66941667 0.67066667 0.669625  ]
Accuracy: 0.67 (+/- 0.00)

